electronMass=0.510998928
protonMass=938.272046
neutronMass=939.5653782